City ID,City,Cloudiness,Country,Date,Humidity,Lat,Long,Max Temp,Wind Speed
0,Bluff,39,AU,1569717329,44,-23.58,149.07,78.71,3.33
1,Yulara,92,AU,1569717329,15,-25.24,130.99,78.8,4.7
2,Puerto Ayora,0,EC,1569717330,64,-0.74,-90.35,73.4,14.99
3,Butaritari,33,KI,1569717061,68,3.07,172.79,84.13,7.47
4,Skibbereen,90,IE,1569717330,100,51.55,-9.27,59.0,19.46
5,Pevek,100,RU,1569717330,97,69.7,170.27,35.21,26.51
6,Sao Filipe,17,CV,1569717114,82,14.9,-24.5,78.17,15.17
7,Castro,75,CL,1569717069,100,-42.48,-73.76,46.4,10.29
8,Beloha,36,MG,1569717331,86,-25.17,45.06,66.89,5.86
9,Ciudad Bolivar,0,VE,1569717332,53,8.12,-63.55,82.76,4.05
10,Mataura,59,NZ,1569717332,69,-46.19,168.86,55.99,10.0
11,Port Alfred,100,ZA,1569717332,92,-33.59,26.89,66.0,1.92
12,Avarua,63,CK,1569717332,78,-21.21,-159.78,73.4,10.29
13,Fairbanks,40,US,1569717091,37,64.84,-147.72,51.8,3.36
14,Ribeira Grande,0,PT,1569717086,90,38.52,-28.7,72.77,20.2
15,Busselton,0,AU,1569717333,52,-33.64,115.35,66.99,13.56
16,Ushuaia,75,AR,1569717052,70,-54.81,-68.31,46.4,5.82
17,Punta Arenas,90,CL,1569717036,87,-53.16,-70.91,42.8,8.05
18,Rikitea,78,PF,1569717334,82,-23.12,-134.97,74.77,14.99
19,Ust-Uda,99,RU,1569717334,92,54.17,103.03,41.33,3.49
20,Constitucion,90,MX,1569717334,46,23.99,-104.67,71.6,5.82
21,Iranshahr,0,IR,1569717335,42,27.21,60.69,86.0,2.35
22,Tuktoyaktuk,75,CA,1569717335,80,69.44,-133.03,39.2,8.05
23,Praia da Vitoria,40,PT,1569717335,83,38.73,-27.07,75.2,14.9
24,Townsville,5,AU,1569717267,54,-19.26,146.82,80.6,8.05
25,Varanasi,90,IN,1569717335,100,25.34,83.01,75.2,5.82
26,Uruzgan,0,AF,1569717336,24,32.93,66.63,51.12,6.82
27,Shimoda,75,JP,1569717336,94,34.7,138.93,77.0,2.24
28,Xuddur,75,SO,1569717337,65,4.12,43.89,73.8,16.78
29,Srednekolymsk,86,RU,1569717122,78,67.46,153.71,29.9,7.36
30,Port Augusta,0,AU,1569717337,67,-32.49,137.76,68.0,13.87
31,Saint-Pierre,0,FR,1569717337,82,48.95,4.24,57.2,11.41
32,Vaini,75,IN,1569717052,94,15.34,74.49,68.0,2.42
33,Azare,3,NG,1569717338,52,11.67,10.19,79.22,7.49
34,Ratnagiri,81,IN,1569717338,81,16.98,73.3,81.54,12.68
35,Alofi,79,NU,1569717339,73,-19.06,-169.92,77.0,17.22
36,Japura,99,ID,1569717339,97,-0.42,102.29,73.6,1.63
37,Te Anau,91,NZ,1569717339,76,-45.41,167.72,49.86,8.66
38,Santa Lucia,20,IT,1569717339,88,41.98,12.66,71.6,3.36
39,Rawson,0,AR,1569717340,24,-43.3,-65.11,67.34,12.62
40,Brae,67,GB,1569717340,93,60.4,-1.35,51.8,3.36
41,Port Said,0,EG,1569717340,35,25.34,30.55,75.38,6.64
42,Arraial do Cabo,100,BR,1569717341,84,-22.97,-42.02,67.82,12.46
43,Albany,75,US,1569717140,78,42.65,-73.75,72.0,4.7
44,Gannan,27,CN,1569717341,61,47.92,123.49,49.32,1.57
45,Mangan,100,IN,1569717341,94,27.5,88.54,53.1,1.1
46,Hermanus,100,ZA,1569717061,90,-34.42,19.24,64.0,5.99
47,Cidreira,9,BR,1569717342,73,-30.17,-50.22,61.58,16.35
48,Alice Springs,98,AU,1569717342,11,-23.7,133.88,82.4,14.99
49,Umm Kaddadah,4,SD,1569717342,46,13.6,26.69,85.61,7.47
50,Flin Flon,75,CA,1569717343,41,54.77,-101.88,42.8,5.82
51,Nikolskoye,40,RU,1569717079,93,59.7,30.79,46.99,4.47
52,Aqtobe,90,KZ,1569717343,92,50.28,57.21,30.2,2.24
53,Ponta Delgada,75,PT,1569717344,100,37.73,-25.67,71.6,12.75
54,Bredasdorp,100,ZA,1569717075,88,-34.53,20.04,64.0,9.17
55,Chuy,80,UY,1569717344,85,-33.69,-53.46,55.69,10.02
56,Quang Ngai,30,VN,1569717050,92,15.12,108.8,68.36,2.19
57,Sambava,98,MG,1569717345,98,-14.27,50.17,69.03,1.99
58,Luderitz,0,NA,1569717127,93,-26.65,15.16,57.2,3.36
59,San Patricio,0,PY,1569717345,41,-26.98,-56.83,71.46,3.96
60,Berlevag,100,NO,1569717099,72,70.86,29.09,38.11,12.41
61,Dunedin,75,NZ,1569717220,83,-45.87,170.5,51.01,20.0
62,Kihei,40,US,1569717346,59,20.76,-156.45,89.6,20.8
63,Lumut,75,BN,1569717346,83,4.66,114.45,80.6,3.36
64,Tari,11,NG,1569717347,62,12.41,4.49,83.02,12.86
65,San Joaquin,100,PH,1569717347,67,10.59,122.14,82.75,4.29
66,Saldanha,0,PT,1569717347,46,41.42,-6.55,60.93,2.51
67,Cape Town,40,ZA,1569717189,88,-33.93,18.42,64.0,11.41
68,Bahawalpur,0,PK,1569717348,67,29.39,71.66,80.66,6.8
69,Hilo,90,US,1569717348,66,19.71,-155.08,86.0,17.22
70,Mar del Plata,7,AR,1569717348,37,-46.43,-67.52,58.43,26.69
71,Barcelos,98,BR,1569717349,87,-0.97,-62.93,76.48,1.9
72,Upernavik,0,GL,1569717349,59,72.79,-56.15,42.48,6.71
73,Ergani,0,TR,1569717349,41,38.27,39.76,66.2,6.93
74,Huilong,19,CN,1569717350,71,31.15,106.5,71.14,3.76
75,Encheng,0,CN,1569717350,62,22.74,107.09,70.88,2.37
76,Lebu,75,ET,1569717350,87,8.96,38.73,55.4,6.93
77,Arki,75,IN,1569717351,94,31.15,76.97,75.2,12.75
78,Victoria,75,BN,1569717082,78,5.28,115.24,82.4,2.24
79,Jardim,0,BR,1569717351,39,-21.48,-56.15,77.02,2.93
80,Pesaro,0,IT,1569717351,68,43.91,12.91,69.01,3.36
81,Isangel,75,VU,1569717352,65,-19.55,169.27,82.4,13.87
82,Saint-Philippe,90,CA,1569717352,88,45.36,-73.48,64.4,6.93
83,Harrison,1,US,1569717352,65,39.26,-84.82,84.0,4.7
84,Leningradskiy,100,RU,1569717352,78,69.38,178.42,38.0,5.91
85,Ayan,0,IR,1569717353,65,38.23,44.7,45.18,0.25
86,Vangaindrano,62,MG,1569717353,97,-23.35,47.6,68.6,6.73
87,Airai,41,TL,1569717353,41,-8.93,125.41,81.45,2.91
88,Jiayuguan,0,CN,1569717353,21,39.77,98.29,60.77,1.7
89,Hofn,87,IS,1569717354,90,64.25,-15.21,36.86,18.01
90,Qaqortoq,41,GL,1569717354,66,60.72,-46.03,48.2,10.29
91,Zwedru,94,LR,1569717355,99,6.07,-8.13,70.51,4.63
92,Myaundzha,100,RU,1569717355,90,63.05,147.18,26.41,3.31
93,Hovd,0,NO,1569717355,76,63.83,10.7,55.99,5.82
94,Maceio,0,BR,1569717355,94,-9.67,-35.74,71.6,4.7
95,Gorontalo,98,ID,1569717356,67,0.54,123.06,82.49,6.89
96,Hithadhoo,100,MV,1569717356,78,-0.6,73.08,81.67,11.1
97,Sao Felix do Xingu,89,BR,1569717083,76,-6.64,-51.99,75.85,1.88
98,Lucapa,37,AO,1569717357,70,-8.42,20.74,69.68,3.22
99,Isla Mujeres,75,MX,1569717357,83,21.23,-86.73,84.2,5.82
100,Ola,100,RU,1569717122,62,59.58,151.3,39.06,14.09
101,Komsomolskiy,100,RU,1569717357,95,67.55,63.78,30.02,12.77
102,Barrow,2,AR,1569717358,79,-38.31,-60.23,61.15,9.95
103,San-Pedro,100,CI,1569717358,98,4.75,-6.64,71.3,3.11
104,Thompson,40,CA,1569717077,64,55.74,-97.86,35.6,8.05
105,Outlook,100,CA,1569717358,57,51.48,-107.04,39.0,5.99
106,Yellowknife,20,CA,1569717359,55,62.45,-114.38,37.4,8.05
107,Ahuimanu,75,US,1569717359,70,21.44,-157.84,89.6,9.17
108,Najran,40,SA,1569717359,41,17.54,44.22,77.0,6.17
109,Chokurdakh,100,RU,1569717359,91,70.62,147.9,29.57,2.48
110,Trairi,46,BR,1569717230,97,-3.28,-39.27,70.65,3.53
111,Linqiong,40,CN,1569717360,83,30.42,103.46,69.8,2.24
112,Ponta do Sol,40,BR,1569717135,60,-20.63,-46.0,68.81,2.37
113,Cherskiy,89,RU,1569717360,82,68.75,161.3,32.9,9.33
114,Moerai,56,PF,1569717361,68,-22.43,-151.33,70.87,11.79
115,Pisco,20,PE,1569717361,88,-13.71,-76.2,62.6,13.87
116,Narsaq,41,GL,1569717171,66,60.91,-46.05,48.2,10.29
117,Kahului,40,US,1569717361,59,20.89,-156.47,89.6,20.8
118,Batagay,36,RU,1569717362,67,67.65,134.64,31.45,4.76
119,Bay Roberts,75,CA,1569717362,100,47.58,-53.28,52.0,2.24
120,Yarada,75,IN,1569717162,94,17.65,83.27,77.0,3.36
121,Goma,38,CD,1569717363,97,-1.67,29.23,55.17,1.59
122,Kapaa,40,US,1569717363,66,22.08,-159.32,87.8,10.29
123,Zeya,0,RU,1569717364,56,53.74,127.27,34.43,8.43
124,Ancud,75,CL,1569717364,100,-41.87,-73.83,46.4,10.29
125,Yerbogachen,100,RU,1569717364,94,61.28,108.01,31.54,12.35
126,Codrington,5,AU,1569717112,53,-28.95,153.24,75.0,5.82
127,Paita,39,PE,1569717365,92,-5.09,-81.11,63.59,15.84
128,Souillac,0,FR,1569717365,93,45.6,-0.6,57.99,2.24
129,Rocha,62,UY,1569717365,95,-34.48,-54.34,49.27,8.01
130,Kruisfontein,100,ZA,1569717365,93,-34.0,24.73,59.45,3.6
131,Port Moresby,40,PG,1569717366,79,-9.47,147.16,84.2,3.36
132,Carnarvon,100,ZA,1569717366,32,-30.97,22.13,59.58,6.58
133,Hobart,40,AU,1569717366,54,-42.88,147.33,53.6,5.82
134,Jadu,0,LY,1569717367,86,31.95,12.03,66.17,1.74
135,Xai-Xai,3,MZ,1569717367,96,-25.04,33.64,62.51,2.55
136,Coahuayana,100,MX,1569717367,89,18.62,-100.35,77.6,0.25
137,Gafanha da Encarnacao,0,PT,1569717367,100,40.62,-8.73,57.99,2.24
138,Pochutla,90,MX,1569717368,94,15.74,-96.47,77.0,11.41
139,Burnie,81,AU,1569717368,58,-41.05,145.91,53.44,10.76
140,Severo-Kurilsk,76,RU,1569717368,81,50.68,156.12,49.12,5.75
141,Mali,93,CN,1569717369,88,27.53,102.2,53.5,1.3
142,Katsuura,75,JP,1569717126,83,33.93,134.5,81.0,3.36
143,Sangar,1,RU,1569717187,76,63.92,127.47,33.48,9.24
144,High Level,75,CA,1569717369,41,58.52,-117.13,41.0,4.7
145,Atuona,20,PF,1569717370,72,-9.8,-139.03,79.9,10.74
146,Bicester,100,GB,1569717370,100,51.9,-1.15,60.01,14.99
147,Xining,0,CN,1569717370,46,36.62,101.77,44.42,1.63
148,Amahai,97,ID,1569717371,81,-3.31,129.0,77.38,6.62
149,Torbay,75,CA,1569717307,100,47.66,-52.73,52.0,2.24
150,Tanete,66,ID,1569717371,73,-3.94,119.78,81.09,15.86
151,Roura,0,GF,1569717371,83,4.73,-52.33,80.6,3.36
152,Agadez,1,NE,1569717372,17,16.97,7.99,84.2,6.93
153,Salta,0,AR,1569717322,33,-24.79,-65.41,82.4,5.82
154,Pondicherry,40,ZA,1569717372,88,-34.04,18.35,64.0,11.41
155,Khasan,0,RU,1569717372,57,42.43,130.64,67.95,3.8
156,Mumford,100,GH,1569717373,97,5.26,-0.76,73.69,3.49
157,Khatanga,50,RU,1569717373,68,71.98,102.47,26.32,5.53
158,Rio Cuarto,0,AR,1569717373,49,-33.13,-64.35,71.6,14.99
159,Guerrero Negro,28,MX,1569717374,84,27.97,-114.04,68.71,18.77
160,Saint-Leu,0,RE,1569717374,64,-21.15,55.28,71.6,8.05
161,Paka,100,CF,1569717374,99,4.15,15.03,68.89,2.89
162,Labuhan,100,ID,1569717375,63,-2.54,115.51,80.32,0.38
163,Ocampo,34,MX,1569717375,64,27.32,-102.4,75.26,10.42
164,Opole,21,PL,1569717375,100,50.67,17.92,52.0,9.62
165,Bilibino,96,RU,1569717376,90,68.06,166.44,24.32,5.88
166,Punta Alta,0,AR,1569717376,53,-27.46,-55.82,77.0,6.93
167,Kaitangata,58,NZ,1569717376,63,-46.28,169.85,55.99,5.99
168,Cabo San Lucas,75,MX,1569717175,65,22.89,-109.91,84.99,12.75
169,Suileng,0,CN,1569717377,64,47.25,127.08,48.6,12.44
170,Bani,33,YE,1569717377,77,16.02,42.93,88.65,2.33
171,Pitea,88,SE,1569717378,87,65.32,21.48,46.4,5.82
172,Ginda,90,IN,1569717378,100,30.69,78.49,68.0,0.31
173,Nileshwar,40,IN,1569717378,94,12.25,75.1,75.2,3.36
174,San Cristobal,99,HN,1569717379,85,14.68,-86.92,71.78,3.44
175,Sisimiut,0,GL,1569717379,75,66.94,-53.67,41.31,3.85
176,Jaen,79,PE,1569717379,88,-5.71,-78.81,62.24,2.35
177,Henties Bay,6,NA,1569717164,87,-22.12,14.28,63.0,5.99
178,Jalalpur Jattan,75,PK,1569717380,88,32.64,74.21,75.2,2.24
179,Ambilobe,96,MG,1569717380,71,-13.19,49.05,77.11,7.85
180,Provideniya,100,RU,1569717147,94,64.42,-173.23,42.41,2.98
181,Georgetown,40,GY,1569717380,94,6.8,-58.16,77.0,4.7
182,Tasiilaq,0,GL,1569717381,60,65.61,-37.64,42.8,4.7
183,Boa Vista,75,BR,1569717381,83,2.82,-60.67,77.0,4.7
184,Port Blair,0,IN,1569717382,78,11.67,92.75,82.04,6.64
185,Kandla,100,IN,1569717382,95,23.02,70.21,75.69,11.74
186,Kodiak,90,US,1569717382,93,39.95,-94.76,63.0,6.93
187,Kavaratti,100,IN,1569717382,68,10.57,72.64,81.59,2.13
188,Eyl,26,SO,1569717383,91,7.98,49.82,72.05,11.14
189,Tres Arroyos,2,AR,1569717383,79,-38.38,-60.28,61.15,9.95
190,Saskylakh,33,RU,1569717383,82,71.97,114.09,25.22,4.29
191,Guane,60,CU,1569717384,77,22.2,-84.09,84.69,16.53
192,Grand Forks,90,US,1569717384,54,47.91,-97.06,53.6,9.17
193,Gizo,40,IL,1569717156,73,31.8,34.94,73.4,4.7
194,Kununurra,0,AU,1569717384,52,-15.77,128.74,87.8,8.05
195,Mackay,90,CA,1569717385,69,53.65,-115.58,35.6,3.36
196,Tromso,90,NO,1569717385,86,69.65,18.96,41.0,12.75
197,East London,78,ZA,1569717385,92,-33.02,27.91,60.68,3.38
198,Bandarbeyla,23,SO,1569717386,74,9.49,50.81,75.42,14.99
199,Broome,100,GB,1569717386,93,52.47,1.45,59.0,10.29
200,Zheleznodorozhnyy,0,RU,1569717386,75,55.75,38.0,48.0,6.71
201,College,40,US,1569717387,37,64.86,-147.8,51.8,3.36
202,Na Klang,43,TH,1569717387,100,17.3,102.21,75.2,1.3
203,Fayaoue,95,NC,1569717387,80,-20.65,166.53,73.48,8.34
204,Mushie,100,CD,1569717387,95,-3.02,16.92,70.76,2.53
205,Arriaga,100,MX,1569717388,98,16.24,-93.9,66.94,3.6
206,Muros,75,ES,1569717388,93,42.77,-9.06,64.99,3.36
207,Bethel,90,US,1569717388,87,60.79,-161.76,51.8,8.05
208,Srandakan,81,ID,1569717389,87,-7.94,110.25,75.37,12.28
209,Mayo,20,CA,1569717389,45,63.59,-135.9,44.6,2.24
210,Mabaruma,88,GY,1569717389,90,8.2,-59.78,75.94,2.53
211,Vostok,0,RU,1569717389,81,46.45,135.83,61.92,6.8
212,Deputatskiy,100,RU,1569717152,89,69.3,139.9,23.31,3.0
213,Half Moon Bay,1,US,1569717390,72,37.46,-122.43,66.2,14.99
214,Klaksvik,95,FO,1569717390,93,62.23,-6.59,50.0,6.93
215,Husavik,59,CA,1569717391,54,50.56,-96.99,48.0,3.47
216,Skuodas,69,LV,1569717391,93,56.27,21.52,59.0,4.7
217,Yar-Sale,84,RU,1569717391,88,66.83,70.83,29.5,1.3
218,Pula,75,EC,1569717391,74,-1.95,-79.93,78.8,12.75
219,Calafell,75,ES,1569717392,100,41.2,1.57,71.01,3.36
220,Bambous Virieux,20,MU,1569717392,83,-20.34,57.76,72.0,8.05
221,Port Lincoln,45,AU,1569717106,74,-34.72,135.86,54.32,11.27
222,Saint George,0,GR,1569717393,93,39.45,22.34,60.8,1.01
223,Kuybyshevskiy Zaton,75,RU,1569717393,86,55.16,49.17,39.2,4.47
224,Namwala,15,ZM,1569717393,29,-15.75,26.45,53.59,2.3
225,Champoton,20,MX,1569717394,70,19.35,-90.72,86.0,5.82
226,Volchansk,4,RU,1569717127,85,59.94,60.08,27.76,7.07
227,Hornostayivka,88,UA,1569717394,77,47.01,33.73,53.32,5.79
228,Nome,90,US,1569717394,74,30.04,-94.42,84.2,8.05
229,Lavrentiya,100,RU,1569717124,80,65.58,-170.99,43.56,10.29
230,Hambantota,100,LK,1569717395,83,6.12,81.12,77.53,5.19
231,Suzaka,75,JP,1569717395,56,36.61,138.35,79.0,3.36
232,Zhigansk,35,RU,1569717395,68,66.77,123.37,32.4,0.54
233,Bathsheba,75,BB,1569717396,78,13.22,-59.52,82.4,11.41
234,Kamenka,100,MD,1569717396,93,48.03,28.7,55.99,1.68
235,Hue,40,VN,1569717396,83,16.47,107.58,80.6,2.24
236,Norman Wells,75,CA,1569717397,42,65.28,-126.83,46.4,3.49
237,Clyde River,90,CA,1569717397,100,70.47,-68.59,37.4,4.7
238,Pedernales,35,EC,1569717397,87,0.07,-80.05,74.56,13.4
239,Prince Albert,90,CA,1569717398,56,53.2,-105.75,41.0,4.7
240,Namibe,67,AO,1569717398,90,-15.19,12.15,67.99,10.0
241,Gorebridge,40,GB,1569717398,100,55.84,-3.05,51.01,2.24
242,Rio Grande,20,BR,1569717398,83,-32.03,-52.1,60.01,1.99
243,Honiara,20,SB,1569717399,63,-9.43,159.96,91.4,13.87
244,New Norfolk,40,AU,1569717399,54,-42.78,147.06,53.6,5.82
245,Abu Zabad,30,SD,1569717399,75,12.35,29.25,77.24,7.72
246,Kaputa,0,ZM,1569717400,50,-8.47,29.66,66.85,1.7
247,Sovetskiy,96,RU,1569717400,76,56.76,48.47,37.49,3.94
248,Cayenne,0,GF,1569717400,83,4.94,-52.33,80.6,3.36
249,Nzerekore,100,GN,1569717401,97,7.76,-8.82,68.4,1.14
250,Sitka,0,US,1569717105,72,37.17,-99.65,73.99,11.01
251,Nemuro,75,JP,1569717401,100,43.32,145.57,57.2,1.12
252,Kuliyapitiya,40,LK,1569717402,94,7.47,80.04,73.4,2.24
253,Palimbang,75,PH,1569717402,83,14.9,120.78,86.0,2.24
254,Xichang,85,CN,1569717402,91,27.88,102.25,50.63,1.77
255,Prainha,71,BR,1569717402,52,-1.8,-53.48,84.19,2.95
256,Lorengau,23,PG,1569717403,62,-2.02,147.27,84.69,2.19
257,Anloga,40,GH,1569717403,83,5.79,0.9,80.6,9.17
258,Olinda,75,AU,1569717403,66,-37.84,145.39,57.0,14.99
259,Cooma,78,AU,1569717403,57,-36.24,149.13,50.0,3.36
260,Vadso,100,NO,1569717404,100,70.07,29.75,35.6,10.29
261,Miramar,100,CR,1569717404,94,10.09,-84.73,73.0,5.82
262,Hami,13,CN,1569717404,29,42.84,93.51,68.18,6.46
263,Batangafo,100,CF,1569717405,99,7.3,18.29,69.61,1.3
264,Jamestown,0,AU,1569717405,35,-33.21,138.6,63.41,2.59
265,Krasnokamensk,96,RU,1569717129,53,50.1,118.04,44.3,4.12
266,Cam Ranh,40,VN,1569717406,78,11.92,109.15,80.6,3.36
267,El Campo,75,US,1569717406,69,29.2,-96.27,84.2,10.29
268,Talaya,0,RU,1569717406,86,55.79,84.89,32.0,4.47
269,Xinan,0,CN,1569717406,74,22.55,113.89,86.0,4.47
270,Galesong,20,ID,1569717407,69,-5.32,119.37,82.4,2.24
271,Saint Anthony,90,US,1569717407,81,43.97,-111.68,50.0,5.82
272,Sumbe,85,AO,1569717408,89,-11.2,13.84,72.56,8.08
273,Suntar,38,RU,1569717408,85,62.16,117.65,32.62,5.08
274,Darhan,51,MN,1569717408,71,49.49,105.92,46.12,5.59
275,Abu Kamal,0,SY,1569717409,32,34.45,40.92,73.1,9.06
276,Visnes,75,NO,1569717409,100,59.36,5.22,53.01,4.7
277,Dikson,99,RU,1569717409,89,73.51,80.55,31.43,8.03
278,Honningsvag,100,NO,1569717410,74,70.98,25.97,37.8,10.67
279,Graaff-Reinet,83,ZA,1569717410,83,-32.25,24.53,61.45,5.61
280,Kiama,74,AU,1569717410,48,-34.67,150.86,63.0,8.05
281,Atar,63,MR,1569717410,17,20.52,-13.05,96.17,7.72
282,Szendro,20,HU,1569717411,93,48.4,20.73,48.0,1.12
283,Katangli,78,RU,1569717411,64,51.71,143.23,65.11,18.86
284,Baykit,100,RU,1569717411,92,61.68,96.39,27.32,5.21
285,Mazamitla,54,MX,1569717412,77,19.92,-103.02,69.75,3.67
286,Los Llanos de Aridane,40,ES,1569717412,73,28.66,-17.92,71.6,9.17
287,Bitung,20,ID,1569717412,58,1.44,125.19,87.8,9.17
288,Iracoubo,100,GF,1569717413,81,5.48,-53.21,78.98,7.09
289,Lata,100,IN,1569717413,94,30.78,78.62,37.33,4.63
290,Ewa Beach,75,US,1569717413,70,21.32,-158.01,89.6,9.17
291,Tautira,40,PF,1569717414,66,-17.73,-149.15,86.0,4.7
292,Trat,75,TH,1569717414,94,12.25,102.51,84.0,2.24
293,Kedrovyy,40,RU,1569717414,80,56.17,91.82,39.2,6.71
294,Lompoc,20,US,1569717415,52,34.64,-120.46,66.2,17.22
295,Gornopravdinsk,96,RU,1569717415,96,60.06,69.92,30.1,4.99
296,Mareeba,40,AU,1569717415,54,-16.99,145.42,84.99,6.93
297,Nuuk,90,GL,1569717416,100,64.17,-51.74,37.4,5.82
298,Dickinson,90,US,1569717416,87,46.88,-102.79,42.8,21.92
299,Dalmatovo,7,RU,1569717416,94,56.26,62.94,29.25,8.34
300,Nabire,90,ID,1569717417,89,-3.36,135.5,76.63,0.96
301,Fokino,100,RU,1569717417,95,53.45,34.42,48.19,9.1
302,Marzuq,93,YE,1569717417,54,14.4,46.47,75.19,3.02
303,Pierre,90,US,1569717290,66,44.37,-100.35,53.01,18.34
304,Caravelas,73,BR,1569717418,83,-17.73,-39.27,74.07,11.36
305,Moindou,0,NC,1569717418,48,-21.69,165.68,84.2,10.29
306,Tura,98,RU,1569717418,76,64.27,100.22,27.83,4.32
307,Acapulco,90,MX,1569717160,88,16.86,-99.88,78.8,17.22
308,Laguna,40,BZ,1569717419,79,16.17,-88.94,84.2,3.87
309,Chyhyryn,100,UA,1569717419,56,49.08,32.67,55.1,8.12
310,Belmonte,0,PT,1569717420,94,40.36,-7.35,55.99,1.14
311,Fortuna,40,US,1569717420,58,40.6,-124.16,60.01,17.22
312,Taksimo,94,RU,1569717420,71,56.36,114.84,28.57,3.36
313,Huarmey,0,PE,1569717420,90,-10.07,-78.15,61.13,10.16
314,Antalaha,92,MG,1569717421,98,-14.9,50.28,65.7,1.86
315,Korem,79,ET,1569717421,75,12.51,39.52,58.45,2.3
316,Port Hardy,5,CA,1569717422,31,50.7,-127.42,60.8,9.17
317,Kirakira,59,SB,1569717422,72,-10.46,161.92,83.66,6.08
318,Coquimbo,0,CL,1569717422,82,-29.95,-71.34,55.4,8.05
319,Revadanda,40,IN,1569717423,83,18.55,72.93,80.6,5.82
320,Lamlash,20,GB,1569717423,93,55.53,-5.13,50.0,4.7
321,Hamilton,20,CA,1569717298,93,43.26,-79.87,64.4,5.82
322,Arman,100,RU,1569717424,76,59.7,150.17,33.05,6.31
323,Sur,41,OM,1569717424,53,22.57,59.53,84.55,9.57
324,Taywarah,0,AF,1569717424,29,33.35,64.42,51.43,7.23
325,Faanui,1,PF,1569717425,83,-16.48,-151.75,78.77,15.99
326,Buraydah,0,SA,1569717425,28,26.33,43.97,82.4,2.24
327,Sao Joao da Barra,70,BR,1569717426,85,-21.64,-41.05,67.91,8.41
328,Smolensk,100,RU,1569717426,97,54.79,32.05,48.17,7.72
329,Iquitos,0,PE,1569717407,83,-3.75,-73.25,77.0,1.43
330,Kortkeros,75,RU,1569717426,93,61.81,51.56,39.2,6.71
331,Bloomingdale,40,US,1569717427,82,41.96,-88.08,59.0,6.93
332,Kloulklubed,75,PW,1569717427,78,7.04,134.26,82.4,6.73
333,Mahebourg,20,MU,1569717427,83,-20.41,57.7,72.0,8.05
334,Mirnyy,29,RU,1569717428,93,56.57,36.46,40.48,5.12
335,Vestmannaeyjar,45,IS,1569717428,83,63.44,-20.27,49.19,7.94
336,Longyearbyen,75,NO,1569717429,58,78.22,15.63,26.6,11.41
337,Aginskoye,100,RU,1569717429,45,51.11,114.54,40.77,7.09
338,Mount Isa,0,AU,1569717429,11,-20.73,139.49,89.6,12.75
339,Svetlaya,0,RU,1569717429,52,46.54,138.33,69.64,6.02
340,Moree,38,AU,1569717430,11,-29.46,149.84,77.0,11.41
341,Inuvik,75,CA,1569717430,64,68.36,-133.71,41.0,2.24
342,Hasaki,75,JP,1569717430,78,35.73,140.83,81.0,6.93
343,Pangnirtung,100,CA,1569717431,88,66.15,-65.72,36.18,1.79
344,Port Macquarie,24,AU,1569717431,48,-31.43,152.91,71.01,5.82
345,Mount Gambier,75,AU,1569717431,71,-37.83,140.78,55.4,10.29
346,Ilulissat,20,GL,1569717431,69,69.22,-51.1,35.6,3.36
347,Santiago del Estero,0,AR,1569717234,33,-27.8,-64.26,79.02,7.67
348,Altay,100,CN,1569717432,92,47.83,88.13,42.46,3.78
349,Benjamin Hill,0,MX,1569717432,59,30.17,-111.1,84.0,1.99
350,Assiniboia,86,CA,1569717433,48,49.63,-105.99,40.72,16.49
351,Qaanaaq,2,GL,1569717433,70,77.48,-69.36,27.56,4.83
352,Talgar,40,KZ,1569717433,76,43.3,77.24,55.4,4.47
353,Inhambane,0,MZ,1569717434,96,-23.87,35.38,62.59,2.89
354,Aykhal,40,RU,1569717434,85,65.95,111.51,24.8,2.24
355,Lasa,0,CY,1569717434,82,34.92,32.53,75.2,5.82
356,Port Elizabeth,1,US,1569717435,88,39.31,-74.98,78.01,6.17
357,Ilembo,42,TZ,1569717435,63,-9.25,33.38,60.37,4.76
358,Diffa,0,NE,1569717435,22,13.32,12.61,86.89,4.07
359,Sendriceni,75,RO,1569717436,93,47.95,26.3,59.0,8.05
360,Victor Harbor,40,AU,1569717436,51,-35.55,138.62,61.0,16.11
361,Siavonga,0,ZW,1569717436,32,-16.54,28.71,70.29,3.11
362,Cockburn Town,39,TC,1569717436,72,21.46,-71.14,84.89,10.07
363,Amapa,40,HN,1569717437,74,15.09,-87.97,84.2,8.05
364,Eureka,20,US,1569717381,71,40.8,-124.16,60.01,10.29
365,Naberera,69,TZ,1569717437,81,-4.2,36.93,60.37,4.45
366,Atambua,37,ID,1569717438,71,-9.11,124.89,76.46,4.79
367,Port-Cartier,90,CA,1569717438,100,50.03,-66.88,48.99,2.24
368,Giovinazzo,0,IT,1569717438,77,41.19,16.67,68.0,3.36
369,Hervey Bay,0,AU,1569717439,51,-25.3,152.85,82.99,6.93
370,Moose Factory,90,CA,1569717439,69,51.26,-80.61,41.0,8.05
371,Susangerd,0,IR,1569717440,38,31.56,48.19,77.0,6.46
372,Alugan,98,PH,1569717441,71,12.22,125.48,83.84,7.58
373,Kavieng,33,PG,1569717441,65,-2.57,150.8,83.38,2.55
374,Flinders,82,AU,1569717441,48,-34.58,150.85,69.01,8.05
375,Black River,75,JM,1569717441,74,18.03,-77.85,84.2,19.46
376,Birao,95,CF,1569717442,93,10.3,22.78,72.61,4.52
377,Wangqing,3,CN,1569717442,72,43.31,129.76,63.9,0.96
378,Saint-Ambroise,90,CA,1569717158,93,48.56,-71.32,53.6,14.99
379,Kilindoni,49,TZ,1569717443,82,-7.91,39.67,77.54,14.65
380,Perth,0,AU,1569717346,67,-31.95,115.86,69.01,16.11
381,Alghero,0,IT,1569717293,100,40.56,8.32,64.0,1.12
382,Quelimane,0,MZ,1569717443,77,-17.88,36.89,68.0,4.7
383,Porto Nacional,75,BR,1569717444,78,-10.7,-48.41,77.0,11.41
384,Maniitsoq,0,GL,1569717444,63,65.42,-52.9,42.61,8.37
385,Tuatapere,59,NZ,1569717444,69,-46.13,167.69,55.99,10.0
386,Divnogorsk,40,RU,1569717445,80,55.96,92.38,39.2,6.71
387,Portree,14,GB,1569717445,94,57.41,-6.19,48.99,4.21
388,Margate,40,AU,1569717445,54,-43.03,147.26,53.6,5.82
389,Marshall,90,US,1569717167,100,39.12,-93.2,73.4,3.96
390,Wagar,36,US,1569717446,69,31.44,-87.99,84.0,3.74
391,Idenao,40,CM,1569717446,94,4.25,9.0,75.2,13.51
392,Baie-Comeau,90,CA,1569717284,100,49.22,-68.15,54.0,3.36
393,Fougamou,100,GA,1569717447,97,-1.22,10.59,72.18,3.29
394,Halifax,75,CA,1569717447,76,44.65,-63.58,60.01,9.17
395,Tiksi,72,RU,1569717447,84,71.64,128.87,28.01,6.85
396,Patrocinio,100,PH,1569717448,78,13.72,123.64,82.44,13.53
397,Bubaque,10,GW,1569717448,78,11.28,-15.83,81.18,8.03
398,Pokosnoye,100,RU,1569717448,76,55.53,101.05,40.32,11.54
399,Ukiah,1,US,1569717448,39,39.15,-123.21,62.6,16.11
400,San Policarpo,100,PH,1569717449,82,12.18,125.51,81.47,6.67
401,Asosa,69,ET,1569717449,90,10.07,34.53,63.95,3.44
402,Iqaluit,90,CA,1569717449,100,63.75,-68.52,37.4,6.93
403,Laohekou,0,CN,1569717450,60,32.39,111.67,71.05,2.35
404,Teguldet,68,RU,1569717450,98,57.31,88.17,29.95,4.65
405,Indian Head,82,CA,1569717450,55,50.53,-103.67,41.0,1.01
406,Judaberg,75,NO,1569717451,100,59.17,5.87,52.0,2.24
407,Kalmunai,100,LK,1569717451,86,7.42,81.82,74.16,1.68
408,Itoman,40,JP,1569717451,79,26.12,127.67,86.0,12.75
409,Nanortalik,61,GL,1569717452,74,60.14,-45.24,41.94,2.33
410,Necochea,17,AR,1569717452,36,-38.55,-58.74,61.0,7.0
411,Omboue,100,GA,1569717453,86,-1.57,9.26,76.9,15.03
412,Barabai,98,ID,1569717453,66,-2.59,115.38,81.95,1.3
413,Plettenberg Bay,100,ZA,1569717453,97,-34.05,23.37,59.33,1.61
414,Nouadhibou,0,MR,1569717453,88,20.93,-17.03,68.0,14.99
415,Luganville,75,VU,1569717454,74,-15.51,167.18,82.4,11.41
416,Hellin,0,ES,1569717454,77,38.51,-1.7,62.6,6.93
417,Sungaipenuh,77,ID,1569717454,93,-2.08,101.38,72.58,1.1
418,Matara,22,BI,1569717455,83,-3.48,29.48,53.14,1.7
419,Ilo,65,PE,1569717455,81,-17.65,-71.34,60.05,5.5
420,Arlit,0,NE,1569717455,11,18.74,7.39,92.72,10.36
421,Tiarei,40,PF,1569717456,66,-17.53,-149.33,86.0,4.7
422,Bonthe,100,SL,1569717456,93,7.53,-12.5,75.35,3.85
423,Vardo,1,US,1569717456,73,39.62,-77.74,79.0,3.36
424,Iquique,90,CL,1569717255,67,-20.22,-70.14,60.8,10.29
425,Hailey,5,US,1569717457,81,43.52,-114.32,46.4,1.77
426,Port Hedland,0,AU,1569717457,69,-20.31,118.58,73.4,5.82
427,Manokwari,58,ID,1569717457,71,-0.87,134.08,77.83,4.36
428,Dosso,19,NE,1569717458,59,13.05,3.19,84.04,12.59
429,Letlhakane,48,BW,1569717458,12,-21.42,25.59,62.39,5.12
430,Gavle,100,SE,1569717458,95,60.67,17.14,51.01,0.92
431,Kudat,75,MY,1569717459,88,6.89,116.84,82.4,3.36
432,Saint-Joseph,75,FR,1569717459,82,43.56,6.97,66.0,3.36
433,Wanning,75,AT,1569717459,93,48.64,13.53,54.0,1.12
434,Salinopolis,68,BR,1569717460,79,-0.61,-47.36,81.86,18.28
435,Southbridge,1,US,1569717460,82,42.08,-72.03,71.6,11.41
436,Keratea,0,GR,1569717460,72,37.81,23.98,72.0,2.66
437,Harper,90,US,1569717460,74,30.3,-99.24,84.99,9.17
438,San Rafael,0,AR,1569717227,23,-34.61,-68.33,69.68,3.94
439,Mayskiy,90,RU,1569717461,100,43.63,44.06,51.8,2.24
440,Kidal,0,ML,1569717461,10,18.44,1.41,90.36,8.16
441,Dingle,45,PH,1569717462,73,11.0,122.67,80.41,3.42
442,Lagoa,0,PT,1569717462,49,37.14,-8.45,69.8,8.61
443,Wanxian,0,CN,1569717462,75,30.8,108.39,67.57,4.41
444,Mozarlandia,94,BR,1569717163,51,-14.74,-50.57,82.78,6.67
445,Lahaina,90,US,1569717463,100,20.87,-156.68,89.6,8.05
446,Sarangani,100,PH,1569717463,64,5.4,125.46,82.58,1.68
447,Kropotkin,13,RU,1569717463,84,45.43,40.58,53.71,3.15
448,Altayskoye,97,RU,1569717464,92,51.95,85.34,39.02,2.62
449,Suclayin,99,PH,1569717464,87,15.76,121.55,74.32,2.77
450,Lazaro Cardenas,5,MX,1569717464,16,28.39,-105.62,87.8,9.17
451,Mbandaka,81,CD,1569717464,95,0.05,18.26,68.36,2.44
452,Okhotsk,100,RU,1569717465,97,59.36,143.24,35.21,17.4
453,Andros Town,75,BS,1569717465,78,24.73,-77.79,82.4,9.17
454,San Juan,0,AR,1569717465,24,-31.54,-68.53,62.84,1.34
455,Salalah,75,OM,1569717466,88,17.01,54.1,80.6,6.93
456,Chifeng,29,CN,1569717466,43,42.27,118.96,57.35,5.44
457,Douentza,68,ML,1569717466,39,15.01,-2.95,88.07,9.57
458,Esperance,90,AU,1569717467,82,-33.86,121.89,55.4,9.17
459,Matagami,96,NG,1569717467,97,9.67,8.4,68.99,2.46
460,Kondinskoye,28,RU,1569717467,96,59.65,67.41,26.98,7.52
461,Oranjemund,95,ZA,1569717468,94,-28.55,16.43,58.61,8.03
462,Batemans Bay,68,AU,1569717468,67,-35.71,150.18,59.0,4.0
463,Erzin,0,TR,1569717468,73,36.95,36.2,77.0,11.41
464,Quatre Cocos,20,MU,1569717469,83,-20.21,57.76,72.0,8.05
465,Forquilhinha,1,BR,1569717469,77,-28.75,-49.47,59.96,7.47
466,Emerald,21,AU,1569717469,39,-23.53,148.16,82.99,5.82
467,Revelganj,90,IN,1569717469,94,25.78,84.64,75.2,8.05
468,Kungurtug,79,RU,1569717470,91,50.6,97.53,40.63,4.54
469,Kokuy,97,RU,1569717470,63,52.2,117.55,38.5,3.6
470,Awjilah,0,LY,1569717470,73,29.14,21.3,72.81,8.46
471,Kutno,0,PL,1569717471,93,52.23,19.36,54.0,4.7
472,Mehamn,100,NO,1569717471,78,71.03,27.85,35.26,8.79
473,Antofagasta,90,CL,1569717404,76,-23.65,-70.4,57.2,11.41
474,Anori,100,BR,1569717471,92,-3.74,-61.66,74.75,4.05
475,Tamandare,30,BR,1569717472,69,-8.28,-70.75,78.12,1.63
476,Santa Flavia,83,CL,1569717472,95,-51.55,-72.35,36.79,1.83
477,Mantua,0,IT,1569717472,87,45.16,10.79,66.99,3.36
478,Port Pirie,0,AU,1569717472,67,-33.18,138.01,59.0,13.87
479,Safranbolu,0,TR,1569717473,91,41.25,32.69,52.54,3.18
480,Novaya Maka,98,RU,1569717473,92,41.77,48.36,53.8,3.53
481,Buala,88,SB,1569717473,77,-8.15,159.59,83.25,9.35
482,Goleta,1,US,1569717474,48,34.44,-119.83,71.01,14.99
483,Cascais,20,PT,1569717474,82,38.7,-9.42,63.0,13.87
484,Aklavik,75,CA,1569717474,64,68.22,-135.01,41.0,2.24
485,Denpasar,40,ID,1569717475,88,-8.65,115.22,78.8,14.99
486,Sinnamary,85,GF,1569717475,79,5.38,-52.96,82.82,17.74
487,Dongying,0,CN,1569717475,44,37.43,118.67,76.5,3.47
488,Matay,0,EG,1569717475,75,28.42,30.79,70.56,13.73
489,Borivka,90,UA,1569717476,100,50.46,29.55,57.2,8.95
490,Whitianga,15,NZ,1569717476,72,-36.83,175.7,68.0,5.99
491,Waipawa,4,NZ,1569717476,70,-39.94,176.59,60.01,5.99
492,Singarayakonda,100,IN,1569717477,81,15.25,80.02,79.45,3.71
493,Hay River,75,CA,1569717477,56,60.82,-115.79,42.8,4.7
494,Duku,100,ID,1569717477,85,-1.19,100.47,78.71,16.73
495,Tosya,0,TR,1569717478,85,41.02,34.04,46.4,1.01
496,Adrasmon,97,TJ,1569717478,63,40.65,69.99,62.6,4.47
497,Sechura,54,PE,1569717478,88,-5.56,-80.82,63.67,13.38
498,Unity,100,CA,1569717479,68,52.44,-109.15,39.99,3.0
499,Palana,97,RU,1569717479,70,59.08,159.95,40.39,9.69
500,Russell,90,US,1569717479,93,38.9,-98.86,63.0,6.93
501,Slupsk,84,PL,1569717480,91,54.46,17.03,53.21,11.68
502,Ucluelet,5,CA,1569717332,33,48.94,-125.55,62.6,12.75
503,Khanpur,0,PK,1569717480,51,28.65,70.66,85.25,5.75
504,Cabatuan,100,PH,1569717480,84,16.95,121.67,78.43,2.06
505,Kalugumalai,75,IN,1569717481,94,9.15,77.7,78.8,3.18
506,Hirara,75,JP,1569717481,88,24.8,125.28,84.2,11.41
507,Ahipara,58,NZ,1569717481,80,-35.17,173.16,58.64,14.56
508,Bouna,94,CI,1569717482,87,9.27,-3.0,74.39,2.44
509,Lentekhi,85,GE,1569717482,92,42.79,42.72,36.95,1.88
510,Minab,40,IR,1569717482,84,27.15,57.07,89.6,6.93
511,Chake Chake,100,TZ,1569717483,82,-5.25,39.77,77.33,9.57
512,San Ramon,75,NI,1569717483,83,12.92,-85.84,73.4,1.77
513,Daitari,100,IN,1569717483,91,21.11,85.83,74.47,3.11
514,Metro,15,ID,1569717483,79,-5.11,105.31,76.28,4.59
515,Saint-Louis,40,SN,1569717484,78,16.03,-16.5,82.4,4.7
516,Samarai,55,PG,1569717484,93,-10.62,150.67,77.54,7.63
517,Elat,99,CM,1569717484,99,2.91,11.16,67.46,3.65
518,Dwarka,75,IN,1569717485,94,28.58,77.04,75.2,6.93
519,Egvekinot,100,RU,1569717485,100,66.32,-179.17,36.7,7.02
520,Taunggyi,13,MM,1569717485,93,20.78,97.03,62.86,1.9
521,Havre-Saint-Pierre,90,CA,1569717486,93,50.23,-63.6,50.0,3.36
522,Trincomalee,100,LK,1569717486,94,8.58,81.23,73.62,0.67
523,Itapetinga,70,BR,1569717486,95,-15.25,-40.25,68.13,4.45
524,Panguna,71,PG,1569717486,75,-6.32,155.48,83.23,10.71
525,Khani,90,GE,1569717487,100,41.96,42.96,60.8,3.36
526,Rasskazovo,100,RU,1569717487,70,52.66,41.88,46.98,3.83
527,Tuy Hoa,52,VN,1569717487,92,13.08,109.3,73.87,0.34
528,Ratanpur,75,BD,1569717488,94,23.79,90.91,78.8,8.14
529,Orshanka,100,RU,1569717488,74,56.92,47.89,38.16,4.41
530,Hays,90,US,1569717379,100,38.88,-99.33,59.0,5.82
531,Lat Yao,0,TH,1569717488,87,15.75,99.79,74.99,3.56
532,Yakeshi,90,CN,1569717489,61,49.28,120.73,43.52,1.83
533,Sevsk,100,RU,1569717489,92,52.15,34.49,49.39,5.3
534,Morro Bay,1,US,1569717490,67,35.37,-120.85,66.2,14.99
535,Eresos,0,GR,1569717490,71,39.17,25.93,70.61,11.32
536,Ajdabiya,0,LY,1569717490,69,30.75,20.22,76.27,13.76
537,Portland,40,US,1569717490,77,43.66,-70.25,68.0,3.36
538,Westport,1,US,1569717491,83,41.14,-73.36,73.4,8.05
539,Richards Bay,19,ZA,1569717491,87,-28.77,32.06,68.0,19.55
540,Medak,100,IN,1569717491,82,18.05,78.27,73.99,5.28
541,Dhandhuka,100,IN,1569717492,94,22.38,71.98,75.4,16.26
542,Touros,75,BR,1569717492,78,-5.2,-35.46,77.0,10.29
543,Balloszog,0,HU,1569717492,87,46.86,19.57,57.99,2.24
544,Nadvoitsy,88,RU,1569717492,83,63.89,34.27,44.1,6.89
545,Whitehorse,75,CA,1569717211,39,60.72,-135.06,50.0,6.93
546,Klyuchi,97,RU,1569717493,53,52.25,79.17,40.97,11.5
547,Turochak,84,RU,1569717493,95,52.26,87.12,37.26,2.1
548,Road Town,40,VG,1569717493,83,18.42,-64.62,82.4,3.36
549,Sawtell,36,AU,1569717494,68,-30.38,153.1,69.8,8.05
550,Geraldton,40,CA,1569717494,60,49.72,-86.95,41.0,2.24
551,Sol-Iletsk,0,RU,1569717494,84,51.16,55.0,35.73,4.65
552,Charters Towers,2,AU,1569717495,39,-20.07,146.27,79.49,11.39
553,Jijiga,80,ET,1569717495,82,9.35,42.8,60.8,1.97
554,Zhezkazgan,98,KZ,1569717495,50,47.8,67.71,47.03,7.36
555,Baghdad,0,IQ,1569717496,44,33.3,44.38,80.6,4.7
556,Porto Torres,0,IT,1569717496,100,40.84,8.4,64.0,1.12
557,Juegang,7,CN,1569717496,82,32.31,121.18,75.0,1.99
558,Djibo,82,BF,1569717497,37,14.1,-1.63,89.48,13.18
559,Nelson Bay,85,AU,1569717497,55,-32.72,152.14,68.0,5.82
